,Franchise,#movies,domesticboxoffice,infl_adj_box_office,worldwideboxoffice,firstyear,last year,#years
0,Marvel Cinematic Universe,31,8545426433,9102945801,22576311289,2008,2022,14
1,Star Wars,15,5079119579,8039797255,10323355075,1977,2026,49
2,Harry Potter,12,2786938291,3638704111,9195390708,2001,2021,20
3,Batman,22,2786778902,3949355696,6049670921,1989,2021,32
4,Spider-Man,11,2711115724,3292639145,7219770479,2002,2019,17
5,Avengers,4,2619552260,2746635625,7757359731,2012,2019,7
6,X-Men,14,2434609696,2878961702,6031864658,2000,2020,20
7,DC Extended Universe,25,2147685393,2227584552,5473668606,2013,2022,9
8,James Bond,27,2136666623,5931136027,7119674009,1963,2020,57
9,Jurassic Park,6,1882766527,2705746069,5009038251,1993,2021,28
10,Peter Jackson's Lord of the Rings,7,1852304517,2520333945,5858102224,2001,2018,17
11,Fast and the Furious,11,1690752038,1993550748,5901307297,2001,2021,20
12,Transformers,7,1582401601,1863419555,4846579018,1986,2018,32
13,Pirates of the Caribbean,5,1451769807,1912071782,4517852068,2003,2017,14
14,Hunger Games,5,1451538526,1622424771,2958353344,2012,2015,3
15,Shrek,8,1419598493,1952505259,3546160710,2001,2022,21
16,Star Trek,13,1400952879,2594747188,2267036257,1979,2016,37
17,Twilight,6,1365922346,1610862622,3317470739,2008,2012,4
18,Toy Story,5,1317393746,1787870306,3054044631,1995,2019,24
19,Despicable Me,6,1220249440,1334741729,3713025192,2010,2021,11
20,Dark Knight Trilogy,3,1190225564,1483447867,2448599772,2005,2012,7
21,Mission: Impossible,8,1154492507,1593972703,3577703029,1996,2022,26
22,Superman,10,1152698852,2050758403,2553272239,1978,2020,42
23,Iron Man,3,1040029729,1223260072,2421720208,2008,2013,5
24,The Lion King,4,965423326,1371188452,2643158262,1994,2019,25
25,Indiana Jones,5,919839275,2063482532,1961339569,1981,2022,41
26,Frozen,3,878111587,925846206,2716307829,2013,2019,6
27,The Incredibles,2,870022836,991665033,1874246451,2004,2018,14
28,Finding Nemo,2,866824931,1072101012,1961544638,2003,2016,13
29,Jumanji,4,849844012,972808539,2081081792,1995,2019,24
30,Captain America,3,844485812,922359159,2238256014,2011,2016,5
31,The Hobbit,3,816364878,918336838,2922822711,2012,2014,2
32,Bourne,5,800424270,1050357628,1665926127,2002,2016,14
33,Planet of the Apes,9,793882111,1374716792,2115119208,1968,2017,49
34,Ice Age,5,793676582,1039113501,3179639301,2002,2016,14
35,Rocky,8,792039875,1942429850,1513939512,1976,2018,42
36,Avatar,5,760507625,899243135,2788701337,2009,2027,18
37,Guardians of the Galaxy,3,722985213,767398360,1641885213,2014,2019,5
38,Men in Black,5,704184140,1087370156,1940818524,1997,2019,22
39,Thor,3,702451053,759105391,1947887423,2011,2017,6
40,Deadpool,3,687662444,706970247,1571706150,2016,2018,2
41,Madagascar,5,673512794,843850836,2270104142,2005,2019,14
42,The Conjuring,8,672572612,705873804,1904464644,2013,2020,7
43,Terminator,6,669177934,1079869666,2074603836,1984,2019,35
44,Alvin and the Chipmunks,5,655935962,791922124,1404694725,2007,2015,8
45,Hangover,3,643986880,754908304,1413951960,2009,2013,4
46,Lego,12,598623165,631950889,1091612973,2014,2020,6
47,Matrix,3,594220988,943073177,1631299148,1999,2003,4
48,Meet the Parents,3,593831215,855870826,1157643189,2000,2010,10
49,Alien,8,591630347,1110876434,1648542927,1979,2017,38
50,Cars,3,588434972,714706976,1405347998,2006,2017,11
51,Teenage Mutant Ninja Turtles,6,583601790,926554360,1149359568,1990,2016,26
52,Hulk,3,582042436,690649707,1364607582,2003,2017,14
53,Ocean's Eleven,4,566311960,772548980,1422578046,2001,2018,17
54,"Monsters, Inc.",2,557911754,750487657,1303346048,2001,2013,12
55,Madea,10,555578144,650958913,558593220,2005,2019,14
56,How to Train Your Dragon,3,555383661,609392479,1631646400,2010,2019,9
57,Mummy,4,550464904,875863376,1423076742,1999,2008,9
58,Night at the Museum,3,541853610,680500848,1335434091,2006,2014,8
59,It,2,540422102,544186173,1171295680,2017,2019,2
60,Wolverine,3,538717077,596842187,1405511044,2009,2017,8
61,Chronicles of Narnia,3,537719397,712451467,1556067810,2005,2010,5
62,The Secret Life of Pets,2,527258725,546849098,1321045927,2016,2019,3
63,Kung Fu Panda,4,524212273,614343691,1817918903,2008,2016,8
64,Rush Hour,3,507477118,823271256,849311714,1998,2007,9
65,Die Hard,5,500565220,897077962,1431562382,1988,2013,25
66,Jack Ryan,5,495058617,957998127,910977412,1990,2014,24
67,Home Alone,5,490039196,1059275216,866371962,1990,2013,23
68,Lethal Weapon,4,487622466,1059196096,952592350,1987,1998,11
69,Hotel Transylvania,3,485513250,520544103,1375099732,2012,2018,6
70,Ghostbusters,4,483057779,1014646830,739721125,1984,2021,37
71,MonsterVerse,4,479229019,504940718,1473448043,2014,2020,6
72,Austin Powers,3,473041863,810605103,676406139,1997,2002,5
73,Halloween,13,467782306,840345005,618690596,1978,2020,42
74,Godzilla,9,462370508,624983253,1376960447,1954,2020,66
75,Scary Movie,5,461023680,708319180,830913702,2000,2013,13
76,Saw,8,454735710,597979789,982362408,2004,2017,13
77,King Kong,6,453458502,1111360749,1216915731,1933,2020,87
78,Beverly Hills Cop,4,431012375,1070632480,712145974,1984,2011,27
79,Karate Kid,5,430055661,840880375,612338981,1984,2010,26
80,Hannibal Lecter,5,425065056,752161620,921486656,1986,2007,21
81,Jaws,4,420895891,1714929704,737573891,1975,1987,12
82,Back to the Future,3,418765047,984628869,961584653,1985,1990,5
83,Wonder Woman,2,412563408,419002525,821133378,2017,2020,3
84,Alice in Wonderland,3,411233491,467005202,1302419222,1933,2016,83
85,Independence Day,2,409313541,739670562,1201570302,1996,2016,20
86,Bad Boys,4,408606138,551204826,832606413,1995,2020,25
87,American Pie,8,408010808,638714672,884447474,1999,2012,13
88,Paranormal Activity,6,401360355,466205753,890417130,2009,2015,6
89,Ant-Man,3,396850903,411386778,1142003109,2015,2022,7
90,Sherlock Holmes,4,395877097,464114152,1034101655,2009,2021,12
91,Fantastic Beasts and Where to Find Them,3,393593476,405612520,1466257661,2016,2021,5
92,National Treasure,3,392966503,541491568,788649214,2004,2007,3
93,Wreck-It Ralph,2,390504388,417608161,1025802351,2012,2018,6
94,Da Vinci Code,3,385255558,500730440,1478215672,2006,2016,10
95,Friday the 13th,12,382746073,847682323,466198282,1980,2009,29
96,Fifty Shades of Grey,3,381009000,396198793,1324381611,2015,2018,3
97,Taken,3,374111700,432629828,932405413,2008,2015,7
98,Santa Clause,3,368559333,658150147,470125976,1994,2006,12
99,Nightmare on Elm Street,9,361659872,701256107,448268230,1984,2010,26
100,Jackass,6,356293735,451665364,497149836,2002,2014,12
101,Peter Pan,6,355579537,1467907310,708714979,1953,2009,56
102,Maleficent,2,355336933,383112067,1247917175,2014,2019,5
103,Pitch Perfect,3,354194853,379431526,589406227,2012,2017,5
104,Muppets,8,351116453,768453425,452036800,1979,2014,35
105,Spy Kids,4,348835365,529085195,565946536,2001,2011,10
106,The Divergent Series,3,347311018,378698746,743113364,2014,2016,2
107,Unbreakable,3,344189196,411510170,774062988,2000,2019,19
108,Bruce Almighty,2,342994685,499470080,658599937,2003,2007,4
109,Fantastic Four,3,342735366,455182152,790462628,2005,2015,10
110,Rambo,5,338917404,749588812,817962398,1982,2019,37
111,Minions,2,336045770,363152668,1159631140,2015,2021,6
112,Scream,4,331728968,602539709,603237630,1996,2011,15
113,21 Jump Street,2,330167004,372227138,534146305,2012,2014,2
114,Exorcist,5,322436443,1274216475,522446253,1973,2005,32
115,300,2,317194990,397723733,784941986,2007,2014,7
116,Predator,6,313156619,483866517,741185941,1987,2018,31
117,Crocodile Dundee,3,309699835,707025906,607202827,1986,2001,15
118,John Wick,4,306082706,312466894,573290843,2014,2020,6
119,My Big Fat Greek Wedding,2,301127813,440661068,466986592,2002,2016,14
120,Ted,2,300142125,338305517,773230770,2012,2015,3
121,Grown Ups,2,295669711,336831883,519247238,2010,2013,3
122,Pokemon,17,293126288,402928617,1096127032,1999,2019,20
123,The Purge,4,284566850,304775560,458370786,2013,2018,5
124,Wizard of Oz,4,280075700,812610260,535905826,1939,2013,74
125,National Lampoon's Vacation,5,277474199,599451419,320896511,1983,2015,32
126,Rio,2,275158244,311663321,980366100,2011,2014,3
127,Mary Poppins,2,274230583,1173785575,451834102,1964,2018,54
128,G.I. Joe,4,272724558,319736886,678209722,2000,2020,20
129,Resident Evil,7,270827255,349560547,1229450247,2002,2016,14
130,National Lampoon,12,269614312,841081607,287550376,1978,2009,31
131,Pink Panther,11,267433670,898966099,378233670,1964,2009,45
132,Mamma Mia,2,264764998,303507481,1010928887,2008,2018,10
133,Final Destination,6,263362372,365855049,657627377,2000,2011,11
134,Annabelle,3,260518605,271808147,790764898,2014,2019,5
135,Godfather,3,258786940,710386604,392320529,1972,1990,18
136,The Smurfs,3,258652224,289136714,1109875432,2011,2017,6
137,Insidious,4,257559485,279883925,555057527,2011,2018,7
138,Doctor Dolittle,5,257107326,461812765,470258326,1998,2009,11
139,Lara Croft,3,255048744,368521037,703900629,2001,2003,2
140,Daddy’s Home,2,254386580,266551731,418564320,2015,2017,2
141,Underworld,5,252766892,322975354,539817686,2003,2016,13
142,Nutty Professor,2,252121964,473907776,440121964,1996,2000,4
143,SpongeBob SquarePants,3,248410641,301286057,453064436,2004,2020,16
144,Sex and the City,2,247994950,303770117,709928036,2008,2010,2
145,Clash of the Titans,2,246884971,284210264,798484971,2010,2012,2
146,Cloudy with a Chance of Meatballs,2,244663842,285861069,511220326,2009,2013,4
147,Charlie's Angels,3,243921179,381695008,560117832,2000,2019,19
148,The Maze Runner,3,242157497,260519411,924764559,2014,2018,4
149,Fugitive,2,241709363,516953254,411548920,1993,1998,5
150,Dumb and Dumber,3,239598230,411239465,431939950,1994,2014,20
151,Three Men and a Baby,2,239390281,536488739,239390281,1987,1990,3
152,Police Academy,7,239379689,604488148,239379689,1984,1994,10
153,Scooby-Doo,8,237479551,363862146,457151160,2002,2020,18
154,Ring,3,232828769,338467483,493077496,2002,2017,15
155,Fallen,3,230482288,245732123,501438465,2013,2019,6
156,Kingsman,3,228496562,240407006,813365420,2015,2020,5
157,Hancock,2,227946274,289218732,624234272,2008,2020,12
158,The Expendables,4,227419260,260164810,789708808,2010,2019,9
159,Big Momma's House,3,225640824,339842000,392939264,2000,2011,11
160,Ride Along,2,225065250,245337930,278561116,2014,2016,2
161,Dirty Harry,5,224579600,857982853,224579600,1971,1988,17
162,Mad Max,4,223217405,364409173,529272244,1980,2015,35
163,Billy Jack,3,223000000,1247956316,223000000,1967,1974,7
164,Cheaper by the Dozen,2,221185717,323466948,325227443,2003,2005,2
165,Paul Blart: Mall Cop,2,217427772,254575825,293555396,2009,2015,6
166,Rugrats Movie,3,216398695,381919396,299622530,1998,2003,5
167,Naked Gun,3,216014096,476596728,216014096,1988,1994,6
168,Step Up,5,215725188,270191631,668821858,2006,2014,8
169,xXx,4,213702345,306337133,683307291,2002,2020,18
170,Sony’s Marvel Universe,2,213511408,213511408,853628605,2018,2021,3
171,Anchorman,2,211550085,266097343,261722488,2004,2013,9
172,Beauty and the Beast,2,206333165,387837197,438707031,1991,2002,11
173,Journey to the Center of the Earth,2,205564660,247907961,561327099,2008,2012,4
174,Neighbors,2,205427530,225638748,379702049,2014,2016,2
175,Stuart Little,3,204972030,346690124,464815224,1999,2006,7
176,Blade,3,204216153,340982718,416929454,1998,2004,6
177,The Equalizer,2,203615100,215291007,383279805,2014,2018,4
178,Princess Diaries,2,203394209,313806686,287406209,2001,2004,3
179,Saturday Night Fever,2,203327598,754134591,408441474,1977,1983,6
180,Snow White and the Huntsman,2,203139770,228105500,566171048,2012,2016,4
181,101 Dalmatians,2,203130853,392047647,371141559,1996,2000,4
182,Smokey and the Bandit,3,199870054,761958286,199870054,1977,1983,6
183,Tron,2,198981339,281841737,426981339,1982,2010,28
184,Garry Marshall's Holiday Franchise,3,197523151,224419849,416786623,2010,2016,6
185,Sister Act,2,196924179,432859153,288919029,1992,1993,1
186,Look Who's Talking,3,196875385,440432525,353886572,1989,1993,4
187,Grease,2,196110853,695826100,401807262,1978,1982,4
188,Barbershop,3,194882105,271153839,197310075,2002,2016,14
189,Texas Chainsaw Massacre,7,194821820,377333303,246541552,1974,2013,39
190,Herbie,5,193352588,744997453,271452588,1969,2005,36
191,Airport,4,190774302,990713247,190774302,1970,1979,9
192,Jungle Book,2,189744582,925674588,281767202,1967,2003,36
193,Gremlins,2,189644556,491267809,189888959,1984,1990,6
194,Honey I Shrunk the Kids,2,189386624,427245153,281362452,1989,1992,3
195,A Quiet Place,2,188024361,188024361,336157526,2018,2020,2
196,Blair Witch Project,3,187737474,318568145,335006891,1999,2016,17
197,The Croods,2,187168425,209729928,573068425,2013,2020,7
198,Legally Blonde,3,187132514,292245748,267148323,2001,2009,8
199,Diary of a Wimpy Kid,4,186449546,211591902,263488777,2010,2017,7
200,Bad Moms,2,185367956,192512939,308709266,2016,2017,1
201,Now You See Me,3,182799529,200450773,671094207,2013,2020,7
202,Ace Ventura,3,180577459,388051191,319617396,1994,2009,15
203,Top Gun,2,179800601,433527354,356799634,1986,2020,34
204,Magic Mike,2,179734628,201489140,294210350,2012,2015,3
205,The Boss Baby,2,175003033,177734406,527965936,2017,2021,4
206,Every Which Way But Loose,2,174956071,639631503,174956071,1978,1980,2
207,Elf,2,174626840,261854770,221464732,2003,2015,12
208,Horrible Bosses,2,171983916,195690571,318362958,2011,2014,3
209,Grudge,4,170719349,237554880,307528219,2004,2019,15
210,Wayne's World,2,169662323,372859364,231062323,1992,1993,1
211,Speed,2,169345226,366188730,433668000,1994,1997,3
212,Amityville,5,169327766,459834000,220971236,1979,2017,38
213,Ghost Rider,2,167576598,212591352,378762944,2007,2012,5
214,City Slickers,2,167474738,365392972,167474738,1991,1994,3
215,The Sting,2,165963399,839884225,165963399,1973,1983,10
216,Father of the Bride,2,165904691,353896288,165904691,1991,1995,4
217,Flintstones,2,165762573,351002597,417931365,1994,2000,6
218,Knives Out,2,165363254,165363254,307088703,2019,2019, 
219,Porky's,3,163769750,489564896,163769750,1982,1985,3
220,Pacific Rim,2,161677431,173948873,701933054,2013,2018,5
221,Cheech & Chong,6,160716246,544974530,160716246,1978,1984,6
222,Addams Family,2,159796101,347683241,237796101,1991,1993,2
223,The Heat,2,159581587,178817739,229727774,2013,2016,3
224,Hellboy,3,157514209,205783259,300998501,2004,2019,15
225,Percy Jackson,2,157327857,179317769,423910428,2010,2013,3
226,Think Like a Man,2,156575892,177283807,183401697,2012,2014,2
227,48 Hrs.,2,155983678,397506369,228683678,1982,1990,8
228,Miss Congeniality,2,155285673,244548694,314803347,2000,2005,5
229,Trolls,2,153707064,161746693,347961579,2016,2020,4
230,Child's Play,8,153028417,280019631,217126407,1988,2019,31
231,Fantasia,2,152930858,693182606,152938634,1940,1999,59
232,Cloverfield,3,152131432,177481940,279588648,2008,2018,10
233,Planes,2,149440312,167129472,394459213,2013,2014,1
234,The Angry Birds Movie,2,149166442,154883699,502817809,2016,2019,3
235,Zombieland,2,148708416,164935123,224502614,2009,2019,10
236,Sonic The Hedgehog,2,146066470,146066470,306042339,2020,2020, 
237,Lilo and Stitch,2,145771527,228567741,245800000,2002,2005,3
238,RED,2,143642722,164033084,337947048,2010,2013,3
239,Romancing the Stone,2,143354024,376054177,183354024,1984,1985,1
240,Gnomeo and Juliet,2,143210541,158085930,281265628,2011,2018,7
241,Grumpy Old Men,2,141691124,304171677,141691124,1993,1995,2
242,Zorro,2,139404081,247028254,375175336,1998,2005,7
243,Analyze This,2,139007907,241969116,231880415,1999,2002,3
244,Riddick,3,138972974,198068691,255158597,2000,2013,13
245,Jack Reacher,2,138767812,153084759,377317225,2012,2016,4
246,Cats and Dogs,2,136960904,200616347,313726383,2001,2010,9
247,Mask,2,136938551,291803622,411538551,1994,2005,11
248,Kill Bill,2,136306058,203009681,330005410,2003,2004,1
249,Bridget Jones,3,135843381,199469071,751244397,2001,2016,15
250,Under Siege,2,133587222,288235800,260887222,1992,1995,3
251,Are We There Yet?,2,132336931,183257780,156502539,2005,2007,2
252,Peanuts,10,132191604,147443665,252104803,1966,2015,49
253,Poltergeist,3,129816684,363439688,176816684,1982,1988,6
254,"Crouching Tiger, Hidden Dragon",2,128067808,207214821,251967653,2000,2016,16
255,Get Shorty,2,127870409,230106329,209965025,1995,2005,10
256,Goosebumps,2,126766779,133199777,252196802,2015,2018,3
257,Blade Runner,2,124710487,189538488,298701475,1982,2017,35
258,Basic Instinct,2,123673360,266702648,388117162,1992,2006,14
259,Power Rangers,5,123149648,165828538,182149496,1995,2017,22
260,American Graffiti,2,123100000,621291451,148100000,1973,1979,6
261,AVP,2,122078162,172490288,301428013,2004,2007,3
262,Unbroken,2,121854792,133324026,169744721,2014,2018,4
263,Terms of Endearment,2,121191304,327852201,121191304,1983,1996,13
264,Mulan,2,120620254,234296482,303500000,1998,2005,7
265,Mighty Ducks,3,119292816,260505688,119292816,1992,1996,4
266,Friday,4,117897755,206265122,121138920,1995,2019,24
267,Shanghai Noon,2,117402525,187582252,159506670,2000,2003,3
268,Daddy Day Care,2,117384048,174871014,182495459,2003,2007,4
269,Millennium (English),2,117344348,132395701,274357312,2011,2018,7
270,Paddington,2,117115169,123263684,452383171,2014,2017,3
271,Transporter,4,116137035,158475136,315536842,2002,2015,13
272,The Red Curtain Trilogy,3,115463097,213572134,339310739,1993,2001,8
273,Why Did I Get Married,3,115300377,142486084,116765245,2006,2010,4
274,Dumbo,2,114766307,114766307,353184736,1941,2019,78
275,Dolphin Tale,2,114311312,129901686,153893257,2011,2014,3
276,Shaft,5,113809701,260740299,150671941,1971,2019,48
277,I Know What You Did Last Summer,3,112270713,220936002,165270713,1997,2006,9
278,The Little Mermaid,2,111543479,241772713,222299758,1989,2008,19
279,Free Willy,3,111294914,240948259,187294914,1993,1997,4
280,RoboCop,3,109802064,246627268,109802064,1987,1993,6
281,Beethoven,5,109616418,241195212,109616418,1992,2014,22
282,Airplane,2,108463033,359188096,108463033,1980,1982,2
283,Hot Shots,2,106886158,232703435,309716011,1991,1993,2
284,View Askewniverse,8,106636675,176393859,130921720,1994,2019,25
285,Mortal Kombat,3,106360633,218773498,173460633,1995,2020,25
286,X-Files,2,104880791,189589276,257347215,1998,2008,10
287,The Best Man,3,104627975,140099483,107408490,1999,2016,17
288,Garfield,3,103794440,150100596,366998428,2004,2009,5
289,Kenneth Branagh's Hercule Poirot,2,102826543,104396965,345922730,2017,2020,3
290,Butch Cassidy and the Sundance Kid,2,102308900,656362026,102310653,1969,1979,10
291,Bad Grandpa,2,102003019,114296501,160903019,2013,2014,1
292,2001,2,100936321,169807048,112923560,1968,1984,16
293,Anaconda,5,97125300,176446242,207325300,1997,2009,12
294,Sicario,2,96955143,100735634,160278945,2015,2018,3
295,Downton Abbey,2,96853865,96853867,194281429,2019,2019, 
296,Wall Street,2,96322716,161460748,181279719,1987,2010,23
297,Arthur,2,96145678,298401694,96145678,1981,1988,7
298,Cocoon,2,95182267,238039518,95182267,1985,1988,3
299,Beverly Hills Chihuahua,3,94514402,119880276,154218168,2008,2012,4
300,Lady and the Tramp,2,93600000,1275667761,93600000,1955,2001,46
301,I Can Only Imagine,2,93350873,93350873,96310900,2018,2020,2
302,Omen,3,93041885,368256364,93048431,1976,1981,5
303,The Nut Job,2,92622060,100457309,179968355,2014,2017,3
304,Ernest,5,92317836,205078270,92317836,1987,1993,6
305,Harold & Kumar,3,91394924,115366143,99017018,2004,2011,7
306,Scorpion King,3,90580000,142028189,165890634,2002,2018,16
307,High School Musical,5,90559416,114883841,279277272,2006,2008,2
308,Space Jam,2,90463534,186069810,250200000,1996,2021,25
309,Young Guns,2,88870054,194433983,88870054,1988,1990,2
310,Deuce Bigelow,2,87935221,147381580,138208531,1999,2005,6
311,Sin City,2,87861624,120658297,199178760,2005,2014,9
312,God's Not Dead,3,87257741,95352683,94683139,2014,2018,4
313,A Dog’s Purpose,2,87104261,88108168,281704583,2017,2019,2
314,"Oh, God!",3,87103473,316111899,87103473,1977,1984,7
315,Winnie the Pooh,6,86744277,137600254,214705178,1977,2008,31
316,Mean Girls,2,86047227,126230310,130953026,2004,2011,7
317,Ouija,2,86000515,93720701,185132498,2014,2016,2
318,Conan,3,85959106,214608916,168870218,1982,2011,29
319,Stakeout,2,85780737,197259814,85780737,1987,1993,6
320,Cannonball Run,2,85598710,264609825,85598710,1981,1984,3
321,Brother Bear,2,85336277,128834996,250397798,2003,2006,3
322,Open Season,4,85105259,118367770,212047685,2006,2015,9
323,Cinderella,2,85000000,994868983,263591415,1950,2007,57
324,Major League,3,83970444,188969332,83970444,1989,1998,9
325,El Mariachi,3,83903965,143065472,124987843,1993,2003,10
326,Happy Death Day,2,83831975,84701063,189696775,2017,2019,2
327,Thomas Crown Affair,3,83304264,221640333,138304264,1968,2012,44
328,Sisterhood of the Traveling Pants,2,83143025,111444315,85830248,2005,2008,3
329,Babe,2,81978770,168349630,315231860,1995,1998,3
330,Ripley,2,81292135,141499326,130484779,1999,2003,4
331,The Woman in Black,2,80834613,91338773,173962590,2012,2015,3
332,Dukes of Hazzard,2,80270227,114081396,109848461,2005,2007,2
333,Dark Universe,2,80101125,81351307,409953905,2017,2020,3
334,Fletch,2,79966859,195796556,79966859,1985,1989,4
335,Best Exotic Marigold Hotel,2,79461905,88831291,225024086,2012,2015,3
336,Species,2,79272014,163097979,140172014,1995,1998,3
337,Benji,5,79063152,306769758,79063152,1974,2004,30
338,Bean,2,78636336,134063598,491555470,1997,2007,10
339,Problem Child,2,78575591,169755175,97375595,1990,1991,1
340,Psycho,4,78481606,550598725,78481606,1960,1993,33
341,Flatliners,2,78191268,149496685,106481891,1990,2017,27
342,Dirty Dancing,2,78032904,168039043,228157094,1987,2004,17
343,Bill & Ted,2,78022714,173663365,78022714,1989,1991,2
344,Backdraft,2,77868585,168499471,152368585,1991,2019,28
345,Bad Santa,2,77842504,109325612,100492144,2003,2016,13
346,Tintin,2,77591831,89024250,373993951,2011,2021,10
347,The Strangers,2,77029082,91167433,115195938,2008,2018,10
348,Kick-Ass,2,76867288,87771462,160661043,2010,2013,3
349,Nanny McPhee,2,76476921,99470250,226545443,2006,2010,4
350,Untouchables,2,76270454,177704297,76270454,1987,2010,23
351,The Shining,2,76150343,180651703,117152412,1980,2019,39
352,Sinister,2,75827858,85012780,141832032,2012,2015,3
353,Jeepers Creepers,3,75763138,117098045,182497271,2001,2017,16
354,My Girl,2,74570585,162504653,74570585,1991,1994,3
355,Pet Sematary,2,74561632,168735110,74561632,1989,1992,3
356,Homeward Bound,2,74542747,159470440,74542747,1993,1996,3
357,Evil Dead,4,74065876,106831276,154607509,1983,2013,30
358,Zoolander,2,74020943,103089006,116129674,2001,2016,15
359,28 Days Later,2,73703831,106004726,147188347,2003,2007,4
360,Deep Blue Sea,3,73648228,132073883,165048228,1999,2020,21
361,Whole Nine Yards,2,73586461,120730238,111851836,2000,2004,4
362,Purple Rain,2,72955755,190219569,72955755,1984,1990,6
363,A Fish Called Wanda,2,72747184,159102324,72747184,1988,1997,9
364,Blues Brothers,2,71319088,221183011,71319088,1980,1998,18
365,Agent Cody Banks,2,71059307,106325224,86943541,2003,2004,1
366,Crow,3,68535746,149955501,68535746,1994,2005,11
367,Road Trip,2,68525609,115819721,119739110,2000,2009,9
368,Bring It On,5,68353550,115528911,90453550,2000,2017,17
369,Brady Bunch,2,67989371,141675722,67989371,1995,1996,1
370,American Tail,2,67701666,159766835,67701666,1986,1991,5
371,47 Meters Down,2,66568093,67259617,100198938,2017,2019,2
372,Around the World in 80 Days,2,66004159,800453830,114004159,1956,2004,48
373,House Party,3,65018837,141882074,65018837,1990,1994,4
374,Hostel,3,64871285,89055106,115847519,2006,2011,5
375,Silent Hill,2,64512851,85408145,150679899,2006,2012,6
376,Revenge of the Nerds,4,63516485,163577484,63516485,1984,1994,10
377,Odd Couple,2,63439562,346387098,63439562,1968,1998,30
378,Three Flavours Cornetto Trilogy,3,63166511,80281037,159583508,2004,2013,9
379,Death Wish,5,62808612,218275564,62808612,1974,1994,20
380,Jarhead,3,62647540,89029880,96947540,2005,2016,11
381,Hot Tub Time Machine,2,62584510,71350886,78794394,2010,2015,5
382,Hills Have Eyes,2,62583029,85655072,107822351,2006,2007,1
383,Hitman: Agent 47,2,62155144,76807075,181318374,2007,2015,8
384,Short Circuit,2,61579761,146220274,61579761,1986,1988,2
385,Hoodwinked,2,61530390,83123730,133196501,2006,2011,5
386,Stomp the Yard,2,61356221,81243481,75525718,2007,2010,3
387,Jingle All the Way,2,60592389,124628189,129832389,1996,2014,18
388,Eddie Felson,2,59893000,227814289,59893000,1961,1986,25
389,Benchwarmers,2,59843754,83233060,65063726,2006,2019,13
390,Urban Legend,2,59585514,110296392,111146226,1998,2000,2
391,Behind Enemy Lines,4,58855732,94516751,58855732,2001,2014,13
392,Curious George,4,58640119,81558997,73992733,2006,2015,9
393,American Werewolf,2,58543712,157237743,88543712,1981,1997,16
394,Without a Paddle,2,58156435,85312599,65121280,2004,2009,5
395,Butterfly Effect,3,57924679,84974846,95638592,2004,2009,5
396,A Haunted House,2,57371170,64191683,81129419,2013,2014,1
397,Wallace and Gromit,4,57070549,81746035,198595154,1995,2009,14
398,Fly,2,57026528,136679972,57026528,1986,1989,3
399,Bad News Bears,2,56349782,235634077,56349782,1976,1978,2
400,The Last Exorcism,2,56213653,64388350,95614607,2010,2013,3
401,White Noise,2,56094360,79722248,100337927,2005,2008,3
402,Pee Wee,3,56062986,138581111,56062986,1985,2016,31
403,Haunting in Connecticut,2,55389516,67279801,78758522,2009,2013,4
404,Starship Troopers,3,54768952,108683667,121100000,1997,2008,11
405,French Connection,3,53944428,281569903,54856531,1971,2008,37
406,Caddyshack,2,51644646,161095774,51648066,1980,1988,8
407,A Cinderella Story,4,51438175,75459214,70164105,2004,2016,12
408,Dragonheart,4,51364680,105867018,104364680,1996,2017,21
409,Breakin',2,51100000,137872890,51100000,1984,1984, 
410,Escape from New York,2,50671561,135133276,50672786,1981,1996,15
411,Meatballs,3,50558200,175741420,50558200,1979,1987,8
412,The Mechanic,2,50339901,55801610,202077028,2011,2016,5
413,Super Troopers,2,49109758,59613162,54757858,2002,2018,16
414,The Boy,2,48431092,50335946,87197915,2016,2020,4
415,The Land Before Time,3,48092846,106931659,81972846,1988,2016,28
416,Hellraiser,6,48022912,106658742,48034060,1987,2018,31
417,Big Fat Liar,2,47811275,74967420,52461017,2002,2017,15
418,Black Stallion,2,47651322,165684800,47651322,1979,1983,4
419,Universal Soldier,4,46752779,98426499,48562507,1992,2012,20
420,Boogeyman,3,46752382,66445270,67192859,2005,2009,4
421,Highlander,5,46623898,95588753,53623898,1986,2008,22
422,Elizabeth,2,46367939,77983731,157021508,1998,2007,9
423,George A. Romero's Dead Series,6,44745768,76426377,172338528,1968,2010,42
424,The Fox and the Hound,2,43899231,143856830,43899231,1981,2006,25
425,Carrie,2,43638397,142530304,43638397,1976,1999,23
426,White Fang,2,43481490,94692847,43481490,1991,1994,3
427,Weekend at Bernie's,2,42960278,97033170,42960278,1989,1993,4
428,Max,2,42656255,46097083,43730696,2015,2017,2
429,Street Fighter,2,42165261,83595200,112083287,1994,2009,15
430,Punisher,2,41715347,59600344,64691308,2004,2008,4
431,F/X,2,41679546,96198831,41679546,1986,1991,5
432,Unfriended,2,41656390,44301347,80798786,2015,2018,3
433,Crank,2,41522657,55340562,79397662,2006,2009,3
434,3 Ninjas,4,41488660,91398426,41488660,1992,1998,6
435,Mannequin,2,41318609,95721184,41318609,1987,1991,4
436,Teen Wolf,2,40974611,103285199,40974611,1985,1987,2
437,House on Haunted Hill,2,40846082,73212816,65090541,1999,2007,8
438,Johnny English,3,40832390,56392048,485799576,2003,2018,15
439,You Got Served,2,40066497,58777091,52042400,2004,2011,7
440,Missing in Action,3,39567858,102751371,39567858,1984,1988,4
441,Candyman,3,39471013,85241423,39471013,1992,2020,28
442,Monty Python,4,38867565,79542817,40794490,1975,1983,8
443,VeggieTales,2,38552620,56556838,38857223,2002,2008,6
444,NeverEnding Story,2,38416963,94790196,38509012,1984,1991,7
445,Dragon Ball Z,3,38385118,39031100,220004898,2013,2018,5
446,Iron Eagle,3,36677472,87017208,36677472,1986,1992,6
447,Carlito's Way,2,36516012,80452095,36516012,1993,2005,12
448,Gods Must Be Crazy,2,36323227,91234218,43923227,1984,1990,6
449,Death Race,3,36316032,46077861,72516819,2008,2013,5
450,Baby Geniuses,2,36260812,62054223,36506859,1999,2004,5
451,Guns of Navarone,2,36000000,409205212,36019576,1961,1978,17
452,Chinatown,3,35099705,138598092,35099705,1974,1994,20
453,All Dogs Go To Heaven,2,34777449,77503543,34777449,1989,1996,7
454,Air Bud,13,34740459,68523953,39423158,1997,2018,21
455,Machete,2,34601807,39679188,64643979,2010,2013,3
456,Lawnmower Man,2,34497118,75406066,34497118,1992,1996,4
457,Man from Snowy River,2,34346450,91437780,34346450,1982,1988,6
458,Creepshow,2,34036244,94704007,34036244,1982,1987,5
459,Care Bears,4,33474346,84484036,33474346,1985,2007,22
460,Darkman,3,32942739,71115721,32942739,1990,2010,20
461,The Sandlot,3,32416586,71332147,32416586,1993,2007,14
462,Viva Pedro Box,8,32335870,56762752,168519885,1986,2004,18
463,Lost Boys,3,32222567,75076102,32302907,1987,2010,23
464,Lake Placid,5,31770413,56974104,31770413,1999,2015,16
465,Cop and a Half,2,31226971,68714416,31226971,1993,2017,24
466,Johnson Family,2,31203964,45775855,31286759,2004,2008,4
467,The Thing,2,30782772,62237607,41355916,1982,2011,29
468,Open Water,2,30500882,44744448,57005415,2004,2017,13
469,Honey,2,30272254,45670926,71536388,2003,2010,7
470,The Art of War,3,30199105,51041526,30199105,2000,2009,9
471,Space Chimps,2,30105968,38198522,72590156,2008,2010,2
472,Wild Things,2,29795299,57875302,55576699,1998,2010,12
473,"House of 1,000 Corpses",2,29679943,43313250,37945894,2003,2005,2
474,House,3,28983528,69890434,31683528,1986,1989,3
475,Academy Award Short Film Nominations,15,28628085,30596048,28632823,2006,2020,14
476,Cirque du Soleil,3,28138938,39940454,55773929,2000,2019,19
477,An Inconvenient Truth,2,27642956,37134802,59205247,2006,2017,11
478,Fright Night,2,27272526,69321561,27272526,1985,1989,4
479,Millenium,3,27259458,31640752,221298683,2009,2010,1
480,Clerks,2,27221496,40381842,31236486,1994,2006,12
481,Joe Dirt,2,27087695,43598738,30987695,2001,2015,14
482,Flint,2,27000000,227825157,27000000,1965,1967,2
483,Tales from the Crypt,3,26690431,55710729,26690431,1995,2001,6
484,Baahubali,2,25723794,26563622,290239579,2015,2017,2
485,Van Wilder,3,25566609,39332553,43523216,2002,2009,7
486,Mimic,2,25514166,50639220,25514166,1997,2001,4
487,Escape Plan,3,25135965,28165478,122170725,2013,2019,6
488,Alpha and Omega,4,25107267,28989505,48958353,2010,2015,5
489,Never Back Down,3,24850922,31530903,39319801,2008,2016,8
490,Gettysburg,2,23614931,43078840,23655933,1993,2003,10
491,Return of the Living Dead,3,23464804,56988753,23464804,1985,1993,8
492,Delta Force,2,23160543,55044770,23160543,1986,1990,4
493,Angel,2,23111351,61846077,23111351,1984,1985,1
494,Last Picture Show,2,22773266,118109392,22773266,1971,1990,19
495,Joy Ride,3,21973182,35366724,22204890,2001,2014,13
496,Children of the Corn,3,21553340,54885818,21553340,1984,2018,34
497,Skyline,2,21416355,24727883,68882159,2010,2017,7
498,Cabin Fever,3,21158188,31965350,30351664,2003,2014,11
499,Flicka,2,21000147,29200392,21896367,2006,2011,5
500,No Manches Frida,2,20799533,21412610,49918736,2016,2019,3
501,Pulse,3,20264436,28184582,30241435,2006,2008,2
502,Shaun the Sheep,3,19375982,20938925,134394917,2015,2019,4
503,Before Sunrise,3,19177448,28631373,40159496,1995,2013,18
504,Vacancy,2,19063007,25241851,24363007,2007,2009,2
505,Sniper,3,18994653,41797409,18994653,1993,2014,21
506,My Hero Academia,2,18981417,18981417,57393941,2018,2019,1
507,Trainspotting,2,18903789,36451087,113650233,1996,2017,21
508,The Marine,4,18844784,26205944,22165608,2006,2015,9
509,Allan Quatermain,2,18809164,47355219,18809164,1985,1987,2
510,Omega Code,2,18658243,32314091,18726003,1999,2001,2
511,The Howling,2,17985000,58936453,18095008,1981,2012,31
512,Ninja,4,17936413,50497559,17936413,1983,2013,30
513,American Girl,6,17657973,22404469,17657973,2004,2015,11
514,Big Lebowski,2,17516973,34008381,46254137,1998,2019,21
515,Center Stage,2,17200925,29072433,21395182,2000,2009,9
516,Norm of the North,3,17062499,17969867,31627211,2016,2020,4
517,Tremors,3,16667084,35980355,16667084,1990,2018,28
518,Wolf Creek,2,16186348,22881888,29170393,2005,2014,9
519,Critters,4,16167232,38982109,16167232,1986,2019,33
520,Waiting,2,16124543,22916469,18673274,2005,2009,4
521,Happily N'Ever After,2,15849032,20986142,38711306,2007,2009,2
522,Arthur and the Minimoys,3,15827035,20837303,198502059,2007,2015,8
523,American Ninja,4,15759000,39096303,15759000,1985,1990,5
524,Kickboxer,4,15745035,35799367,15920982,1989,2018,29
525,Prom Night,2,15707587,52232558,15707587,1980,1987,7
526,The Man With The Iron Fists,2,15634090,17892778,22018988,2012,2015,3
527,Wrong Turn,6,15417771,23292849,28649556,2003,2014,11
528,Dungeons & Dragons,2,15185241,25590236,34681787,2000,2005,5
529,Gate,2,15032973,34751744,15032973,1987,1992,5
530,See No Evil,2,15032800,20908206,18828036,2006,2014,8
531,Willard,2,14545941,80311218,14545941,1971,1972,1
532,The Collector,2,14522868,17162356,19363930,2009,2012,3
533,Un homme et une femme,2,14056821,117148688,14056821,1966,1986,20
534,Dollar Trilogy,3,13900000,105524155,13927522,1967,1967, 
535,Molly Hartley,2,13442412,17055760,15318257,2008,2015,7
536,Warlock,2,12727232,27683185,12727232,1991,1993,2
537,Bloodsport,2,12490470,27579295,12490470,1988,1996,8
538,Undisputed,4,12398628,19440877,12402560,2002,2017,15
539,12 Rounds,3,12234694,14861079,17306648,2009,2015,6
540,Tom yum goong,2,12046550,16754128,45131324,2006,2013,7
541,Wild Orchid,2,11573904,25006267,11573904,1990,1992,2
542,Les Boys,3,11572073,21334098,11572073,1997,2001,4
543,Beastmaster,2,11524616,34987602,11524616,1982,1991,9
544,Far From Home,2,11392788,23861641,11392788,1989,1995,6
545,What the Bleep,2,11077507,16201333,11077507,2004,2006,2
546,Dhoom,3,10921297,13034060,51639703,2004,2013,9
547,Pure Country,2,10839136,23654662,10839136,1992,2010,18
548,Leprechaun,4,10750531,23728106,10750531,1993,2018,25
549,Boondock Saints,2,10303658,12511064,11041194,2000,2009,9
550,Bratz,5,10010209,13254795,25747223,2006,2008,2
551,Swan Princess,7,10007424,22197508,10115138,1994,2018,24
552,Belly,2,9639390,18705180,9639390,1998,2008,10
553,Smoke,2,9628284,20164055,15128284,1995,1995, 
554,Atlas Shrugged,3,8940096,10227205,8940096,2011,2014,3
555,Trailer Park Boys,3,8936791,11322327,8944680,2006,2014,8
556,Exterminator,2,8739406,27071768,8739406,1980,1984,4
557,Class of 1984,3,8365510,24605728,8365510,1982,1994,12
558,Philadelphia Experiment,2,8105330,21975033,8105330,1984,1993,9
559,City of God,2,7870473,11694889,34665848,2003,2008,5
560,Best of the Best,2,7744652,17182599,7744652,1989,1993,4
561,Road To …,2,7700000,223954164,7700000,1940,1947,7
562,The Condemned,2,7371706,9761073,7371706,2007,2015,8
563,Phantasm,5,7282851,16142765,7282851,1979,2016,37
564,Buena Vista Social Club,2,7121065,12666080,20152673,1999,2017,18
565,Ip Man,6,7088481,7266128,441575053,2009,2019,10
566,Ladron que roba a ladron,2,7074759,8622032,8777680,2007,2015,8
567,Trois Couleurs,3,6831974,14884821,6845215,1993,1994,1
568,Serbuan maut,2,6730926,7626099,11923210,2012,2014,2
569,Work and the Glory,3,6697771,9485140,6697771,2004,2006,2
570,The Snowman,2,6670765,6774879,43254979,2017,2018,1
571,Fire Earth Water,3,6559649,9624470,12353078,1997,2006,9
572,Cities of Love,3,6445461,8360766,15016262,2007,2019,12
573,The Trip,4,6066970,6717878,11484292,2011,2020,9
574,My Little Pony,4,5958456,14631134,6502751,1986,2015,29
575,Jean de Florette,2,5504613,12350509,5504613,1987,1987, 
576,In The Name of the King,3,4775656,6059362,13233220,2008,2014,6
577,Ong-Bak,3,4680515,6626796,31660905,2005,2011,6
578,Goal,3,4508322,6242883,31869940,2006,2008,2
579,Dabangg,3,4298223,4854981,102737123,2010,2019,9
580,Goon,2,4164911,4766625,7134300,2012,2017,5
581,Belle de Jour,2,4067177,8480672,4079486,1968,2007,39
582,"Stepfather, The",2,4008536,9268578,4008536,1987,1989,2
583,State Property,2,3791425,5696602,3791425,2002,2005,3
584,DC Animated Movie Universe,39,3775000,3975750,4428007,2007,2020,13
585,Nitro,2,3768878,4990476,3768878,2007,2016,9
586,Tanu Weds Manu,2,3283499,3564706,12169332,2011,2015,4
587,8 Films to Die For,2,3185315,4371907,3185315,2006,2007,1
588,Dhamaal,3,2877617,3012420,37689451,2007,2019,12
589,Asterix,4,2643871,4216855,195323996,1996,2012,16
590,Baaghi,3,2479225,2502526,34417124,2016,2020,4
591,Detective Chinatown,3,2443816,2468263,665904465,2015,2020,5
592,BloodRayne,2,2405420,3345547,3711633,2006,2011,5
593,"No Retreat, No Surrender",2,2381199,5828451,2381199,1986,1989,3
594,Koi Mil Gaya,2,2111700,3018698,34183129,2003,2006,3
595,Trois,2,2043793,3346586,2043793,2000,2002,2
596,Nueba Yol,2,2022827,4108674,2022827,1996,1997,1
597,3 Hommes,2,1973605,4822032,1973605,1986,2003,17
598,Night Watch,2,1961283,2697189,72784452,2006,2007,1
599,Poison Ivy,2,1829804,4016745,1829804,1992,2009,17
600,Laura Cadieux,2,1823384,3411823,1823384,1998,1999,1
601,The True North Trilogy,2,1821983,2031603,1910512,2014,2016,2
602,7 Up,4,1727415,2115869,1727415,1999,2019,20
603,Jolly LLB,2,1654254,1680075,31262936,2013,2017,4
604,USA - Land of Opportunities,3,1604591,2348257,15394960,2004,2009,5
605,Singham,2,1577445,1770775,30050894,2011,2014,3
606,Babar,2,1532561,3387763,1532561,1989,1999,10
607,Ghost in the Shell,2,1487475,2445634,1487475,1996,2004,8
608,Donnie Darko,2,1480006,2146416,8549114,2001,2009,8
609,Henry Fool,2,1461500,2760503,1461500,1998,2007,9
610,Restrepo,2,1432204,1649648,1531913,2010,2014,4
611,Saints and Soldiers,2,1310470,1914685,1310470,2004,2014,10
612,Ren zai jiong tu Tai jiong,2,1302281,1407322,442673381,2012,2015,3
613,Banlieue 13,2,1236352,1711022,20386278,2006,2010,4
614,ABCD,2,1114231,1212960,11341415,2013,2015,2
615,Nymphomaniac,2,1113063,1241110,2742936,2014,2014, 
616,Shiloh,2,1035175,2048238,1035175,1997,1999,2
617,Vengeance Trilogy,3,964301,1364022,29765971,2003,2006,3
618,Penitentiary,2,949896,3026023,949896,1980,1982,2
619,Journey to the West,2,898404,914216,456733131,2013,2017,4
620,Generation Iron,2,849521,951922,901649,2013,2017,4
621,Ex Files,2,837791,840607,344271614,2015,2017,2
622,Detective Dee,3,825500,906721,187067303,2011,2018,7
623,Visiteurs,2,805072,1641986,124900072,1996,1998,2
624,Zhuo yao ji (Monster Hunt),2,738919,740653,720979406,2015,2018,3
625,Boys Life,3,738494,1371337,738494,1997,2003,6
626,Taxi,5,729844,1233357,103552731,1998,2018,20
627,The Spanish Apartment,3,712899,892580,32075112,2006,2014,8
628,Cremaster,2,665861,951995,682654,2003,2004,1
629,Red Cliff,2,627047,755629,150127047,2009,2009, 
630,The Act of Killing,2,596008,663353,1564647,2013,2015,2
631,Cold War,2,560824,590647,149778639,2012,2016,4
632,Ai Weiwei,2,546396,623644,865078,2012,2014,2
633,Attack on Titan,3,502150,542646,45369926,2014,2015,1
634,Bhoothnath,2,449776,570669,11532795,2008,2014,6
635,Apu Trilogy,3,402723,435203,402723,1956,1959,3
636,Cage aux Folles,2,363989,915737,363989,1979,1986,7
637,The Human Centipede,3,337906,388241,513014,2010,2015,5
638,The Red Riding Trilogy,3,300470,346918,300470,2010,2010, 
639,SLC Punk,2,299200,536552,299200,1999,2016,17
640,Tai Chi Zero,2,242924,277272,44806595,2012,2013,1
641,Evangelion,3,241437,264569,66296028,2009,2012,3
642,Monsters,2,237301,273992,5692480,2010,2015,5
643,Hatchet,4,237281,303672,302396,2007,2017,10
644,Herb and Dorothy,2,233654,280133,233654,2009,2013,4
645,In Search of,2,225000,297924,720945,2006,2009,3
646,Swamp Thing,2,192816,440232,274928,1982,1989,7
647,Eating Out,2,192284,271324,192284,2005,2006,1
648,Snabba Cash,2,188870,216153,10212403,2012,2014,2
649,Bølgen,2,183639,193072,5786712,2015,2018,3
650,Somm,2,153620,172133,153620,2013,2016,3
651,Malevolence,3,150421,210832,370506,2004,2018,14
652,Appurushido,2,129135,183521,141928,2005,2008,3
653,V/H/S,3,124934,142371,2007143,2012,2014,2
654,Fukrey,2,124221,139192,16225986,2013,2017,4
655,Cowgirls n' Angels,2,119782,137078,119782,2012,2014,2
656,On the Run,2,103569,151928,303715,2004,2004, 
657,I Spit on Your Grave,3,93861,108336,1503604,2010,2015,5
658,Infernal Affairs,3,89594,131430,89594,2004,2007,3
659,America the Beautiful,3,88539,110850,88539,2008,2015,7
660,Dod sno,2,79359,93141,2226637,2009,2014,5
661,Tiger & Bunny,2,61562,68644,61562,2014,2019,5
662,Feast,3,56131,78064,690872,2006,2009,3
663,San Francisco Opera Cinemacasts 2007,4,49088,62276,49088,2008,2008, 
664,Outrage,2,48623,55653,15279572,2011,2012,1
665,[REC],4,38203,43965,49376081,2007,2015,8
666,Girls (China),2,37115,37115,10281835,2014,2018,4
667,The Inbetweeners,2,35955,41141,144051320,2012,2014,2
668,Klovn,2,33700,38034,7027221,2012,2015,3
669,Stake Land,2,33245,38189,714234,2011,2017,6
670,Gasland,2,30846,35611,339505,2010,2014,4
671,ABC's of Death,2,29003,32449,42307,2013,2014,1
672,As Mil e Uma Noites,3,23160,24761,54451,2015,2015, 
673,Django,2,19391,22137,19391,1966,2020,54
674,St. Trinian's,2,15000,18220,29830239,2009,2009, 
675,The Wedding Party,2,11140,11140,73115,2017,2017, 
676,Donald Strachey,2,4269,5402,4269,2008,2008, 
677,Contracted,2,3328,3726,287928,2013,2015,2
